STARTING
Before randomizing
Before ICA
Description:
null
0.000000, 0.461219
0.479426, 0.837428
0.841471, 0.837214
0.997495, 0.359114
0.909297, -0.843224
0.598472, -0.950373
0.141120, 0.398503
-0.350783, 0.609874
-0.756802, -0.697536
-0.977530, 0.849162
-0.958924, 0.527671
-0.705540, -0.993239
-0.279415, 0.472846
0.215120, 0.912440
0.656987, 0.647298
0.938000, -0.622634
0.989358, -0.347802
0.798487, 0.503097
0.412118, -0.439161
-0.075151, -0.539772
-0.544021, 0.615247
-0.879696, 0.518425
-0.999990, 0.562753
-0.875452, 0.786169
-0.536573, 0.048093
-0.066322, -0.897160
0.420167, -0.306370
0.803784, -0.039572
0.990607, 0.813163
0.934895, 0.140934
0.650288, 0.115465
0.206467, 0.143514
-0.287903, 0.795289
-0.711785, -0.570976
-0.961397, -0.353308
-0.975626, -0.703737
-0.750987, 0.361682
-0.342481, 0.872891
0.149877, 0.123549
0.605540, -0.415322
0.912945, 0.626773
0.996830, -0.329229
0.836656, 0.443783
0.471639, 0.232687
-0.008851, 0.433612
-0.487175, -0.885534
-0.846220, -0.099329
-0.998082, 0.066056
-0.905578, 0.246705
-0.591358, 0.377776
-0.132352, 0.729784
0.359058, 0.008243
0.762558, -0.003118
0.979358, 0.460282
0.956376, 0.667863
0.699240, -0.130898
0.270906, -0.673016
-0.223756, 0.315841
-0.663634, -0.237347
-0.941031, -0.090140
-0.988032, 0.657860
-0.793127, -0.881027
-0.404038, 0.674454
0.083974, -0.127056
0.551427, 0.027381
0.883870, -0.391337
0.999912, 0.274655
0.871140, 0.432738
0.529083, -0.249131
0.057487, -0.502094
-0.428183, 0.473417
-0.809019, 0.353489
-0.991779, 0.609534
-0.931717, -0.951314
-0.643538, -0.101842
-0.197799, -0.966875
0.296369, -0.505754
0.717975, -0.914133
0.963795, -0.703556
0.973645, 0.566828
0.745113, -0.784866
0.334151, 0.959836
-0.158623, 0.351316
-0.612560, -0.018194
-0.916522, 0.533236
-0.996087, 0.266546
-0.831775, -0.025926
-0.463816, 0.874756
0.017702, 0.378611
0.494885, -0.505053
0.850904, 0.078962
0.998591, 0.326110
0.901788, 0.690038
0.584197, -0.804390
0.123573, 0.346167
-0.367305, -0.329777
-0.768255, -0.655380
-0.981108, 0.750690
-0.953753, 0.543999
-0.692885, 0.468250

After ICA
Description:
Types : {CONTINUOUS}
Max : 1.916529
Min : -1.515815
-0.675157
-1.264982
-1.207432
-0.337010
1.776062
1.916529
-0.541925
-0.993529
1.255230
-1.515815
-0.944142
1.786439
-0.739850
-1.439420
-0.900593
1.390359
0.912278
-0.623149
0.982741
1.083781
-1.033550
-0.915275
-1.012689
-1.388257
-0.029049
1.717413
0.749098
0.337697
-1.141333
0.039077
0.039190
-0.080517
-1.311609
1.038448
0.613965
1.231645
-0.617663
-1.457509
-0.054134
0.971113
-0.823864
0.880600
-0.512193
-0.196394
-0.627716
1.630387
0.182850
-0.133704
-0.438674
-0.620925
-1.171162
0.182881
0.266697
-0.518844
-0.889696
0.482749
1.374143
-0.453309
0.455845
0.151622
-1.179050
1.574099
-1.116185
0.378792
0.179403
0.972635
-0.187216
-0.487207
0.665039
1.038072
-0.764352
-0.612334
-1.094150
1.676556
0.219303
1.819980
1.082269
1.871290
1.537587
-0.708231
1.646896
-1.504469
-0.505783
0.076218
-0.947291
-0.488067
0.055278
-1.479968
-0.526224
1.112378
0.135446
-0.278450
-0.937544
1.656024
-0.452110
0.666152
1.178847
-1.342178
-0.972210
-0.797013

